-0,6339139446550945	-3,2049936399275385
5,440792947486917	2,6656316597875613
-0,4552693590037624	-2,7934740775188303
-3,3251363039133297	-1,026658141541905
-0,5801750623475057	-2,479000532924224
-2,689026402991515	0,007007595179054471
4,851169594884253	3,5755771551821383
4,281253113266592	0,9042939592884773
5,197386785171762	3,382623298323127
4,907389849294708	4,485137565558169
4,508745432714383	3,0910032194612223
5,342475176294606	2,93219686222252
-2,66151600728956	1,0913746016425994
3,630039409303091	2,6159294878895953
-2,314234046916022	-2,6331712033309547
-3,823565133453674	3,9959192676918907
2,3699817928099396	3,2346801892114936
-2,590766493454286	-3,715845579350582
5,252753326399617	1,7293565461110436
-0,03193994565467051	-0,6116274850672886
3,4820584945319952	1,8364932641056004
-3,5817071928268636	-1,6858964019749982
3,5185019864942757	3,3271665768201295
-2,7462139803265506	-0,46296812474437854
-0,8195770220052279	-1,8092968723685845
4,161445270356527	2,2725785048441383
-4,53405675351902	4,445332191700084
1,3459584537381577	2,9918020136195262
-3,993429781887349	4,0069922642906395
3,870474461599372	2,128235220366932
3,4018810659081664	3,214298216638336
-2,5564106339566006	-0,4236626188092375
-0,32433338650579313	-3,00548231229555
-2,372686271156941	-1,7871572673841938
-1,5325945741874867	-1,0104801052446672
1,3124475546726861	3,100459827818314
-2,4936266195786976	-1,5548874068474319
-2,7772272302150087	0,38149553726078955
3,8115050145367144	1,6163477975885367
-1,5319227212696858	-3,4722503385790002
4,179819079029079	2,2152448187677267
4,384907343960235	3,841336536159922
4,7201908518656115	3,337584237772652
3,0060600228666847	3,9636046805363208
-2,188112282341887	-1,5043889827092654
2,089391439051181	2,861446496864785
5,996356225996035	2,6104224724384224
5,606964945078166	2,7783167136193043
0,48005633109390367	-0,8068508167656833
6,228632966107747	3,2405582523693264
3,861573129678308	3,566671843644551
5,836948062732006	2,5458141206097804
6,520190335258036	-3,371482403362122
-0,6256041190091981	0,3734921486736791
-3,2262898121576136	-0,5590761170725859
3,4187524421928233	4,137799871283881
-0,07383583820190354	-2,5274728997634686
-1,5345340495769415	-0,6431502669836338
-0,515739319768046	-1,8630591984940943
1,5542910754350294	3,0263861076590466
-2,177173658521939	0,3756055489088874
-0,837351230271109	-2,6378781730106553
-0,22995202764030687	-0,7014384710546312
-3,3278625714480565	-0,8203203353832799
2,505287578199233	1,7431773633958398
5,733766263941748	2,157355269694366
-3,681650670685619	3,435358875781053
3,992614224280226	1,7717623124713842
-3,0355425498303337	-0,20036184552288894
0,17626233619736698	-0,9647189828694699
4,485876423316251	3,738867505519919
-1,3700569495218726	-0,3154053114845805
4,120457148567375	4,241372488037084
-1,0403303111753879	-2,5482392019492535
-3,0791154915694756	-1,5233261179378
3,217499981377935	3,1733696112099192
-1,639630881057391	0,12537263374306007
-0,6260040748869902	-3,1533181506592847
4,295861609035603	0,5638517781354644
-0,8264448476839015	-0,9764248856694668
5,875724511778682	3,38313791027356
4,550268695821072	3,737587141953796
-1,1622874336865776	-3,408077838176488
-2,4768678318330295	-1,8193241006031966
5,710672647635967	3,6690385408430988
4,286981045174499	3,8612519184164373
5,027326656592493	3,480676873892353
5,108132711923285	3,1634097816274718
3,0694731096745813	3,6371019089268772
-2,8857298145277346	-2,8871061662135
1,9254665969757734	3,1637024913290137
4,9856683560192865	1,6606196832237181
-2,898750229623894	-2,989116854605615
4,321424078353703	3,440558844928235
3,0068274755633366	2,9597317742447276
-2,148899831637216	-1,614724390630079
-2,528038726674996	-2,943010255574772
-1,1868133340666036	0,3400321863397464
-1,7638531759039893	0,25974064624688076
0,795620748152527	3,5967053411062917
-3,5456389021227426	-4,587410409019785
-2,6376211770035	-1,8328877379027788
4,968676914355272	1,1781996343620706
4,4203999023486595	3,745883039316081
-2,1223445849042113	-2,968450456791759
-1,5309423927224692	-0,5960359925578371
4,865674986677549	2,5983131145703076
5,066232059483809	4,49524630816916
-1,44358708121505	-1,7931608761577358
4,50064528413349	1,275692554616187
-2,0728763604533924	-1,3191862902540905
3,1501593939131425	3,0574194484607933
-2,388454686133678	2,1573702065915756
5,6330374945263895	2,9446671155202995
2,6215711416468066	3,3603988708826
-0,8373804010125054	-0,007620832316712622
-0,6807604463619878	-2,999338242078263
-0,9267743459352487	-1,1940592712708773
-1,6374670244696077	0,6530893497598502
-1,4935358001724623	-1,0328384735780791
-2,2748948182397593	-0,4709749378133259
6,109708231453319	-3,8301710997363374
4,6069229081892455	1,1814357726366165
3,7944317443138513	2,702763487125182
3,5687475895106036	3,2257844230084682
5,939953066318417	3,656984297728581
-1,8145413628749731	-2,645111587328114
4,295507524213824	3,7204416507672837
3,2105293114547946	3,6043466274633813
-0,4829115474509358	0,16938713540856454
4,7748653370714	0,5322875990576674
4,877291410960673	0,21912009973332247
-0,67329902709853	-2,795337487419567
-1,588381382381373	-0,992128775279421
5,835715857694115	3,984685972048789
3,8225555810218106	3,3414590897936556
-1,0036963309059157	0,3079225443417237
-1,0975732224464876	-0,2685847971912161
5,791260806202212	4,005406571319123
1,197862877030265	3,3497345613017906
4,808864328356494	0,9887422141725415
-2,6905791106219628	-0,3575249458672284
4,620882151172392	4,163857893638496
-0,5867847449202348	-2,6805835333459767
4,057816949074892	0,7229814945192568
-2,537891863759106	0,2310578200446407
-1,066760209274099	-1,8832910754664798
0,8966998392111507	3,505673829632462
-1,9091699963428905	-1,1677600340179504
1,6996741893630833	3,339366068664055
5,240332128854954	1,8877982694087097
3,7826518295395584	3,8635645090961352
-3,1865006347190103	-1,841543049911515
5,3390395357784035	2,12684394893401
-2,4500056273107917	-1,971665743630142
5,050945923682509	3,4008370377510566
4,453867330226837	1,2300149516511887
-1,0323856060815304	-0,09607751361245431
-1,1494115018645061	0,700986988567323
0,9729919735932717	2,894056340453991
4,93247707251357	1,73525952163953
3,4617501667462993	4,1963325974824555
4,213824628490395	2,727658835320729
-2,539851794679951	-0,6857727052004221
-0,6859181205001648	-1,5048758605034904
-3,605253571592451	-1,9961360268607033
1,8471930488804529	2,1328560328661252
3,5627477860253367	3,1337688906359995
2,9093047420793288	2,8106181316759913
-1,5706959267844027	-0,619960317909561
4,6878009776553995	1,85518518437397
4,83577272397072	1,0021745126817696
-0,7949944343767881	-1,4569812773085007
2,725825838286463	4,021007569853081
-0,7026948231765264	-1,5660604693046398
3,232230768718827	3,6134525516926335
5,727511758991372	3,5429954428264594
4,9551194121067645	1,0589185263179197
5,634213563213965	2,8288336105726573
-1,6649614549815548	-1,3759542515215728
0,0930456614202464	-1,2895765427268895
3,225855911729081	3,4921233801634344
5,0708316052563935	1,580182328019104
3,7637297169155044	2,431087482715404
-0,9872976795599859	-0,1750687445657717
-2,4317356802285683	-2,3047981131085464
6,259964761238427	4,213462934918976
-1,5597643001763233	0,1769296289009088
-0,7930845529254589	-1,662247682716136
2,3761270919061594	3,115565250606579
6,884535812500556	3,29974251641218
-3,170506684702249	-1,4954646132921408
-2,7804610918520893	1,6666720897751923
5,761975938729629	4,39461674439581
3,110755063778965	1,8127655800178966
-1,1525211175558978	-1,6705228997883033
5,142224722824233	1,0814409013690467
-0,9998535666000221	-2,526265730103005
5,087252041960657	4,351173791161273
3,696257557488024	0,9889443820182824
-2,0556419704210525	-2,9232605345293186
3,770478576977477	4,335236784005742
2,3983258009880286	1,8642990792428455
3,5660739831555093	3,4649929909961417
4,768990378667015	4,267731166422124
-3,177579187541536	0,1768082829679749
3,547190047815801	3,3409097098663763
3,3990873002530644	2,9690704893172164
2,9070616465330055	3,193309651110588
3,4767928346790953	1,5066564778063185
1,5578851732211958	2,4500231031226067
4,316580376842115	3,507476509207331
-2,5330994348306763	-4,252696695461568
0,7761273535036648	3,152898756749096
-3,094305636665542	-3,5093896262543107
4,004896479386755	2,7669718048799625
4,587799666452807	3,788944618253036
-1,0557170000486293	-0,9611038337933819
4,763368362713839	4,622335327413997
-3,222786285013016	0,7188540079332921
-2,020715539704133	-3,39923738405778
-3,1052994871786543	-1,879150094441472
-2,2033110730048673	-1,618826316141999
3,7979078718534396	4,462029775293276
-1,9241023572465548	-1,6297393367804556
3,916498142390507	4,0751131427657485
6,269373452877063	-4,1062037821194215
3,3901461395696626	2,157446928309956
-2,622338012503378	-1,1286037480652287
-1,8102515873174045	-0,2695708265947687
-1,9784767497549105	-1,8574168144974228
5,321031857696686	3,5081223729053725
-2,630213619424727	-1,1710615437353196
-0,8702597372344212	-2,8556313561907327
-2,2137457273883667	-3,699687121354311
4,418238242042829	2,750725877158536
6,0614496617399265	4,422364531126176
-2,2772463225903206	-2,432512032668858
-2,6787060765986475	1,317163620613119
-1,0437311275208305	-0,680773606538928
-1,62575669233809	-0,4029513797857922
5,869747738048741	2,2204179827590895
0,00016424043484319917	-1,5276626557052246
-1,2929743003629464	-1,2939472087663562
-1,991975934337922	-1,7156433618372156
-3,284602544553909	-0,35859921383264626
3,960228399707309	2,7321863847673984
-1,3769041552664403	0,7558402940982343
3,033527942149963	3,391796025738657
3,7204737688930343	3,594813627228289
2,7241572631905298	2,0042952245578958
4,8973724312198	3,486113311379123
6,0480979994721284	-4,263908452204862
3,559502656226846	3,473069704293337
5,211181303353997	3,719184272598036
-0,8278718151744329	-0,36143289375320276
0,23377047724321076	-2,3652132900858227
-3,6093709438799397	-3,2803671422388283
6,286800457408425	2,2420550068324183
2,755760874847219	2,5535468017583427
4,117730722100292	1,3527550243325916
-2,5204914302938395	-1,6977662661775417
-2,691858212271743	-0,540674788313241
0,24211380702499685	-0,3690933783342475
1,2558690573378293	3,9080944510718316
5,007992859234529	2,6608716357198148
-3,0271956958817485	-1,185265678245105
-2,386745299553395	0,3951585109640281
-3,2155995482003865	-3,2442011299923723
-3,576620820399847	-2,736448390798516
4,501651945288913	0,42632247366038034
2,4600564227024	2,4604818099021974
2,434569697881746	3,7933519201599903
3,433923713088408	4,064680642778953
-0,5137474591965925	-1,1067247885401577
-3,0629168701036473	1,1007962061308794
-2,282236483466342	-1,7725269718096726
1,968756569163201	2,2478666851671214
-2,929953051227482	0,499311389129655
2,9447920049089666	1,506807090484314
6,036266431228288	2,499956348863492
5,731981428447694	1,2785722537596986
-2,2365638178698823	0,9074723218627119
2,698568517773525	1,6844969379265482
4,036780112728273	2,776000068282623
3,0677511350214215	2,067182689349772
-2,350753119743665	-0,23224422346460982
-0,9668870297895362	-0,8261169553743337
-0,7706207256311262	-3,078843116029736
2,680079083567982	2,215760029931551
2,707023551805893	3,37291512543295
5,629800655306173	2,8132947552227243
0,1186568049914376	-0,7969500694638193
2,6673754037371538	3,061533683366296
-2,804731478974378	-0,6670233017411606
-1,756492513747829	-3,8781631362188196
-2,383228253783013	-1,3776122757008775
-1,3736705280931947	0,18034872516881073
-1,603776900772741	-1,2978211098129424
-3,1409138284601914	-3,4139876188059435
2,855380603592889	1,5581686371254024
5,678030496367662	2,685681961852521
4,094222951723099	1,1001077661177936
-1,9330668406192963	-0,822555669426215
-2,1816415921875656	-0,6874462222293449
-2,1652457894567334	-0,991328263663674
2,761000692011729	3,4889666313642316
-2,7026561480850955	-1,8120446422406542
3,482715810337247	2,4735809011666867
4,167156051989716	2,701294126514061
4,85084794541155	3,4901202664043307
1,9400730273132138	2,6142169073984522
-2,8842691049639626	-1,3515241365512762
-1,783316921371837	-2,7343688994333295
2,5970176591450165	4,253340090085043
2,50857652488731	2,370234406970158
6,280905341644287	3,082008985106251
-2,6210296154965134	-1,3026242483278383
2,981599941027106	2,802037172913665
-2,7718555124562148	-0,1790165612262452
-3,3990436584980825	-0,6928104468665889
6,360039281173868	3,0377211551815098
-3,357796084655111	-1,685514462042883
-2,277211684475338	0,5607638104377239
-0,9134613834757703	-1,4351486589383045
7,113025856935353	3,576146883894185
6,58173231281623	2,922494338550789
2,2601691762261265	4,3550296765722125
-2,024518942014198	-3,3328293121725774
-1,0580879872282232	-0,5426227108333137
-2,307528586803782	-1,2709315281389781
4,610557098081196	3,164160409733957
-2,5899894900653937	-0,33257919535849634
-1,3231851580484257	-1,7506372525517724
3,4296945524722404	1,7024731715165897
-1,2893824116461083	-2,908951215827627
3,7722437040224017	2,186573148086258
0,2819863327762355	-2,834983231359957
-2,55178797349146	-1,3306322629477723
3,2971255685397485	3,9281631288695156
3,508385731095954	3,8574806324538207
-0,6143986749171733	-0,260221960688494
3,509141369915312	1,6124763154772976
-0,4115953861207917	-2,491707637875188
2,3796153867586884	2,5252754760109237
-3,116441536214496	-1,0847283355777002
4,341273421086383	3,8865634964753912
-1,7251892707038694	0,1423103111380497
2,6500851460456136	2,6752932018690063
-1,005827568258547	0,09938526215029686
3,2580465251661224	3,291883383308863
-2,3487199942878174	-2,2089816929404096
-2,8713653685204505	0,2582451749231367
-3,7219802468820227	-3,664063087793792
-1,510627493088527	-2,0205960126616382
4,325180012946229	2,4041425234079044
-1,9948259252731253	0,8099025897323262
-2,6507625068087526	-1,870255785905138
1,3481020836298336	3,7653023300790585
-1,7099158911018668	-1,1964273920677788
3,744964350923666	2,02475685984642
-2,6654897754890117	-0,9270040275064352
-0,9992783622891315	-0,7557964191490403
-2,6907179992555	0,33021536843181054
-2,9170669677512535	-0,9277774752256839
-1,6937815626877504	-0,9407573437197827
-1,4746726758821673	-1,8433843339531328
4,622200731850267	1,456133238875295
-3,2775707810525905	-4,375514622995791
-1,776064524892192	-1,790916034043349
-1,8908712381216173	0,00045424065678512093
-0,8064760665514434	-0,7132981754074139
-1,1529136860374019	0,21013692768364045
6,128292130685409	2,9221116803622316
2,385334510064058	3,311768708341437
1,056139975857447	-1,3541339674125115
-1,2918964341747188	-0,8039594817479945
2,4806298630926573	4,156013609431583
-0,6132651122290469	-0,8676348650901802
6,140458835894714	2,7333114127735607
-1,4963493458836892	-0,42838273915439595
1,1557516295693269	3,2514385163934856
5,347631330115386	2,3727777970440007
3,6297622928109696	1,7439527914607638
4,668017561066431	0,47273235621363807
3,7012893262092197	2,222673395522103
3,291918399366323	2,371845760504151
-1,5476435494761518	-1,4994952239043522
4,524293948238322	1,2999885253791041
4,423113980083529	2,172659620021796
2,8275085116379346	4,016523089427828
4,994286684963381	1,4441317028841523
-2,0440328552012295	-1,9166089830419428
4,300218097478434	4,155419494264789
-0,8306288854662756	-0,8502555520253836
4,490869419814861	1,1377074620508112
6,008421507477566	4,22667072509868
4,74214227288036	4,161799682619909
4,34080177277616	1,907000091034095
3,7408309158605704	3,677840254262364
5,2037589307561	2,9530852817487325
4,608257409373264	4,484364580218601
-2,096794404169037	-2,7089858154973676
-1,9154452168627032	-0,8816039722303701
-3,594997527307103	-2,81808036790197
5,564064333152228	4,584076854509895
5,296888711979092	2,6820795548727174
-1,3899816376067264	-2,901000155385476
-3,060347995528444	-3,795346490481776
-0,4768334956930582	-0,1806031058621339
4,322306100974825	3,793401566002239
-2,3174655761296066	-1,2406704775129989
-2,8782672297011462	-1,641877707654039
2,36678640391261	1,794714481375253
4,745600156224729	2,3161023203567686
1,0150670947835976	2,669126224346481
5,506160603677845	3,6143750302666167
5,29092450976401	4,48331079726921
4,188052364675967	1,9603358709615186
-0,8737795169285612	0,31845038538884207
3,1478713257444197	3,1154552034968184
1,7248772047316692	3,897062335354083
5,324845503344592	3,041972996965378
5,139979550398342	1,9887124400950738
-1,0145558964742138	-1,2004462823772106
3,46960525693242	2,1166690153428487
-2,0704229179526488	-1,6756136396720838
4,214105933008479	2,1570468952801214
-1,153361276059619	-0,13936436540442498
-3,2333675772779147	-1,979812499252518
-2,44282381516709	-2,7507572045801902
-0,7821802144157932	-1,1466459299851859
4,602152224993578	2,587178273748225
4,542287525430983	2,135312225446548
-1,1113275977729027	-0,9007929717722731
5,6863177718468645	2,773055969579769
-2,124939986921283	-2,8851132051769754
2,5856882518178415	3,971323841276341
-0,441275328204376	-1,3360385108582202
-1,8340371002444007	-0,7020737266239436
4,645844650907985	3,0980085019185983
5,484213619577392	3,4122559929670704
-0,9042186317765104	0,06831258984066646
4,412232282000195	3,141238510538874
0,10487497581774341	-2,5660070408603115
2,7274283573114597	2,076214790530154
-2,2179319550319017	-1,7259495942526513
-1,8434848098905852	-3,289719430245181
1,5368079060251367	3,3213963066857684
-3,05906247158784	-0,3066525698694068
-2,4240511677950822	-0,4778914671445156
-2,7301030254252154	-0,09092138980427589
5,030466166852405	2,0180125499093897
2,347116974667036	4,033015018283402
-1,4872172692268946	-2,521805378034408
-2,0736228456159385	-0,9698345053135373
2,7984032380447132	1,9074796561718
-2,2227821268448977	-1,831554780647158
4,097310646184843	3,4598661533685906
4,059160137143442	0,7769723119090386
-1,5471586257873213	-1,5659881723532851
2,118524797401557	3,983662308846844
3,0624199293973113	1,849440756472191
4,547906493117928	1,4246170836407641
0,824587467349273	-2,4670882725691667
0,2117047669689256	-1,1671896840824165
-4,115725611509447	3,862155948333294
-2,7228256714576284	-1,6283376895260413
-1,0358445882638545	-0,7379321450439711
4,034281961976555	3,4714995745644934
3,2838426379103303	4,35772522508215
0,3804362949629019	-1,8464971537504762
-2,0032105954600956	-1,34713677660733
-1,3130860031119385	0,37660092290384717
-1,8580239537395438	-2,891096781250037
0,30638851414807156	-1,8467966240724607
-2,0479044814451477	-0,047198379340933405
-1,0931729715160978	1,0642726148505823
1,0083389060166654	2,937675620022688
2,9188590841137567	1,5942776697246472
-2,860760697911605	0,8554714261650518
-2,390346617004507	-1,0022260019128952
5,493038679586852	3,9698613174264237
-3,020174827013215	-2,779984885858089
2,63980377406435	3,5705721509732253
2,5425804976874513	1,8517109728652166
-2,9606558469494093	-1,837078934719416
-1,551963487606827	-1,4237010897607376
5,599652242307037	1,8659566884829175
6,011001265680493	4,668969141747244
-1,2206865730240894	-3,132100946449615
-1,008119520500615	-2,7813334205107463
5,576027793302167	2,4075786984674483
-0,9436918595256849	-3,2867085802704246
3,698485273653616	3,6821942437774684
-0,17036367502105887	-2,0075927407344363
0,08333314798642433	-2,4560190577047596
-2,0653214273037612	-0,2482933196253052
-1,5142222874515687	-3,026446648798828
-3,3271217405180806	0,06986313436299696
